1179
1493
980
903
776
1440
1164
616
887
1009
1106
1125
1085
1051
896
1238
1307
1243
1086
1113
1143
1238
1238
1164
1093
503
1290
824
903
1238
1057
1056
1064
1423
931
1238
1471
1248
1282
1478
2034
1569
1322
1146
1017
1101
1301
1537
773
798
1359
1507
833
1231
985
1502
1037
1137
897
951
1116
1350
1276
1071
1451
1290
1034
1134
1160
1283
1344
586
1259
1005
1206
1060
1068
1069
1053
1271
1010
801
1085
970
1074
1076
1154
905
1085
1178
1351
1063
1199
1129
1103
1152
999
1152
1165
706
745
1106
709
962
1230
897
1091
1130
1155
1183
1014
926
1123
1301
1604
1085
1025
1005
1550
1345
2329
729
1671
1069
1460
912
926
1274
1314
1097
629
1119
1521
1246
1193
1142
1670
1922
1428
1396
1723
819
1281
893
1173
1005
1621
1104
1050
1366
1649
1490
1511
1236
1358
793
1460
1421
942
1404
1343
1265
1336
1519
1491
854
1840
1127
1517
825
1580
1355
1139
889
1190
978
946
1202
1585
1681
659
1619
1671
1300
1192
1313
1263
1458
1120
1290
1372
1107
1351
910
819
1078
1246
1002
1007
1137
950
968
1131
1598
1030
1426
808
941
863
821
979
638
1067
1158
940
946
1515
1262
1095
1058
1189
1246
1009
1154
1220
1259
988
1398
1045
1477
940
1504
1263
974
926
1229
1375
1326
847
1406
1079
1085
575
1213
1171
1256
887
907
985
979
962
972
794
1078
751
938
796
1000
1027
936
938
370
873
670
1022
902
535
1106
1096
1041
927
1290
1112
1115
1502
1431
1479
1182
1077
922
1250
1253
853
672
966
911
990
1227
968
811
1246
1105
1125
959
1151
751
1011
1548
929
857
1063
1390
986
809
1233
1340
1010
1302
1155
1291
1029
1410
1111
1118
1325
1203
831
1326
1428
1423
842
1473
1277
1126
1039
1468
1277
1084
1202
1165
1188
719
1117
1390
1170
1088
1442
1273
1131
1359
1160
1085
1027
1661
474
1148
860
1083
1429
1329
1399
1282
918
1012
977
1112
1018
1297
1330
723
1314
799
909
1190
818
1492
917
928
914
1029
1030
1159
1078
854
848
874
1226
1215
1354
1302
1401
1050
1352
991
1164
1023
1490
1208
905
1423
1250
779
1400
1062
1080
1062
808
1009
1096
1428
1571
1077
766
748
936
837
1301
1019
990
1380
734
435
1041
1136
424
1056
1002
1003
569
915
1077
911
1063
1004
1142
1209
1219
1160
899
880
1068
1282
1000
372
1130
1266
1394
1014
1333
1143
986
959
1099
1447
1214
944
1072
996
879
1324
1144
945
931
920
1299
688
1219
1216
935
1527
1184
982
1004
1244
1002
1045
1254
815
1011
574
783
1077
916
1112
1269
1571
1115
489
900
840
1078
953
1395
898
873
773
1220
1230
1305
477
954
1295
476
1601
1710
947
1373
1024
1685
1044
1338
823
826
1004
950
1404
1200
1270
891
1125
697
938
1116
1247
1680
1357
1494
1254
1190
985
1593
1007
995
1200
1265
1001
1725
915
961
1606
1015
1442
951
1057
994
1116
822
1150
941
1266
1129
968
772
1394
831
1397
798
385
1090
1021
1074
1113
1172
1129
1378
1412
747
186
1370
1033
1491
1012
1197
992
1259
920
1071
1183
1044
1142
1681
1087
1050
1130
1042
891
1095
1339
1411
1043
598
1065
624
951
978
1019
794
169
1042
1341
671
863
907
1020
1055
723
1181
1203
975
730
1158
1048
1075
963
970
1003
786
1124
1357
1110
995
1360
1562
855
983
1022
1141
1290
1141
1061
1027
885
713
951
1158
953
885
1109
716
1386
878
1256
1161
1072
806
1050
954
1172
1202
803
1501
1312
1216
1202
977
1107
799
1254
1016
1127
738
940
956
599
997
1029
954
1185
1221
1130
1038
1160
1059
768
1064
1165
925
1077
969
1432
631
1266
946
720
706
850
877
708
382
1122
882
891
842
697
948
1073
1028
1324
1031
830
735
793
1064
1235
929
871
1148
1315
1661
848
1071
1222
1217
1070
1257
323
1096
1215
596
709
940
417
839
826
944
1106
1211
1064
1200
834
1106
898
948
970
961
1058
933
966
1031
1243
951
1453
907
1258
763
1202
1401
757
810
635
1052
1234
1312
892
1153
919
1040
853
865
698
969
873
756
1113
874
1232
876
1109
942
1495
889
618
1442
1067
1341
962
892
980
1043
751
872
1141
834
946
758
848
1160
1059
993
960
1033
796
1336
1185
853
949
808
1473
607
783
1025
993
954
1070
1053
1075
1051
815
924
1128
1016
760
841
1285
1073
1159
1614
1297
1176
1022
1357
1095
978
968
660
1077
1074
1421
989
998
871
963
944
1006
1091
1183
975
954
853
831
998
1043
1189
793
911
794
219
227
217
988
970
458
878
1135
249
764
839
1101
849
1318
231
946
1231
995
927
813
1212
789
1171
1210
1227
1139
1269
853
958
1030
991
982
1296
949
1193
537
702
1085
827
1025
1209
988
1214
897
1105
1118
1055
994
1030
1205
944
1300
1170
1313
1102
887
766
870
1012
926
972
826
688
967
1167
947
939
1305
854
1521
1105
929
834
816
1121
1327
1099
1034
861
1015
1082
1309
1041
1019
898
894
936
1031
1029
1011
825
795
788
814
1212
906
794
1364
1190
913
998
839
1086
991
917
1258
1184
1118
1121
878
480
854
1379
1144
778
468
897
464
789
1193
399
470
525
1040
918
1192
1305
1169
897
694
844
1131
896
935
886
1186
986
974
702
1114
889
1012
923
991
1053
993
947
1054
920
825
1120
801
1372
1099
1026
945
954
1075
1113
980
752
929
1052
950
963
928
897
1162
1030
1144
722
1040
1053
857
1128
964
1069
958
991
954
744
1021
1225
1029
1027
1021
1193
1130
1315
1350
946
990
1119
1040
922
1191
859
1439
1267
1054
1194
1563
1156
1090
928
901
1309
1187
1171
1065
1126
957
1055
1046
1002
807
1217
1001
1151
945
978
962
1029
1085
1224
1098
1118
1054
747
1014
1172
1034
978
967
1081
945
841
751
823
993
890
577
914
1053
663
1177
806
643
889
928
1259
440
1116
921
1040
774
810
1349
1001
915
1033
1096
948
1016
698
813
962
731
848
891
996
1118
764
908
934
1068
1039
1118
1025
1046
818
759
1088
1245
880
988
1184
890
861
989
838
1417
817
1015
1091
736
867
930
895
983
1083
893
774
746
840
548
795
882
710
941
944
1014
1008
1339
923
740
1015
539
999
909
955
700
1434
1098
904
1142
1242
783
1108
1260
1019
664
1100
1024
1290
848
845
955
1134
1265
1063
908
1442
1544
850
1113
958
1673
1013
856
1027
779
1273
1186
702
837
1087
1287
895
925
1115
1015
876
1146
1283
1220
694
1369
1473
912
1457
553
1187
1389
1367
1148
1071
947
846
900
909
1299
1123
955
895
1123
861
767
1288
989
1201
1247
1118
889
1261
901
803
760
1048
1040
1023
1447
1090
843
1006
966
916
840
1237
842
1290
510
1076
1209
1023
930
900
1019
887
766
1029
714
879
788
1161
979
1028
1228
785
1266
1256
1001
1200
1007
844
1204
1507
1290
711
1353
971
644
1310
1249
626
1004
1229
933
1474
1160
902
1193
1215
898
1264
1121
1129
879
788
1046
621
667
889
975
917
913
974
886
899
1180
765
1091
1051
1158
948
945
824
1178
1161
751
779
747
559
860
806
929
1530
1053
1027
759
824
862
755
592
856
1050
932
732
818
921
526
684
759
741
840
772
711
975
822
684
826
656
656
1227
1018
810
786
1330
1091
856
719
1050
942
814
728
903
685
779
903
868
753
822
1023
865
882
778
796
934
678
834
997
729
779
891
849
679
797
1027
891
619
675
712
650
1333
908
825
890
817
778
887
1144
846
1123
782
810
771
792
852
858
772
1210
769
977
877
634
807
716
943
972
776
841
757
1004
933
838
1102
812
1016
861
759
793
594
634
528
906
845
1072
756
1167
818
807
881
961
1051
314
666
297
1037
1214
1008
761
309
790
709
834
475
1026
318
902
1236
830
882
1031
211
1076
1059
941
820
934
894
1030
1248
957
1117
810
894
1079
750
1305
1011
397
1041
1202
1041
1676
1005
994
1028
1035
1531
792
903
928
1018
820
968
903
974
918
992
1125
1449
1367
812
820
860
1054
1129
1012
975
833
1145
619
1022
925
961
711
996
1032
1069
849
982
1346
799
863
951
1061
748
776
1034
909
830
875
823
869
992
856
1161
909
912
1183
1052
845
932
839
1176
853
1314
1216
874
477
771
946
1287
1161
834
726
1015
1342
939
973
755
1458
799
737
1177
1128
775
1146
201
183
198
186
173
191
1039
965
185
187
187
855
770
181
1003
1097
934
912
1312
1002
900
764
828
695
728
730
910
744
978
643
831
978
928
971
714
825
988
861
683
979
687
913
741
804
664
764
661
657
1292
841
904
870
1114
838
947
720
837
664
731
707
572
802
731
845
819
995
887
949
879
862
582
866
532
758
773
628
1020
714
693
769
834
847
498
755
577
610
683
735
1017
886
867
660
730
807
799
690
728
606
947
833
649
610
986
1049
787
986
1052
742
794
684
692
837
602
800
635
698
671
655
688
746
688
685
730
842
768
1000
833
847
949
839
869
683
729
820
1028
804
778
1085
899
829
726
919
984
819
779
748
801
828
821
873
626
981
661
1114
857
801
793
921
1019
726
704
866
826
903
693
848
713
814
806
690
625
656
752
871
1087
815
691
722
723
581
655
804
596
935
794
751
742
665
785
791
704
843
713
575
521
960
926
826
901
685
785
588
834
708
713
848
855
733
908
1336
709
934
744
589
667
743
729
684
777
765
775
730
628
611
1101
749
711
465
870
610
555
849
775
767
684
746
908
588
700
687
646
635
792
805
954
932
820
1061
936
776
761
860
808
887
783
556
792
690
799
562
773
967
802
957
818
1078
653
600
808
742
704
776
578
663
1032
811
806
823
823
587
756
768
565
621
734
813
795
816
560
903
569
868
866
844
810
784
684
561
503
687
771
980
643
654
685
760
810
564
826
1026
810
839
715
654
662
677
850
625
801
618
844
879
732
871
670
802
625
940
700
723
752
555
640
801
703
848
697
914
663
464
917
945
682
638
716
538
656
704
791
708
720
746
729
675
714
825
488
945
881
664
488
552
739
1007
709
727
847
823
701
857
774
882
600
749
803
857
673
612
958
740
588
741
688
738
593
852
634
627
654
482
689
914
885
631
678
780
743
764
926
904
776
995
552
948
1027
774
678
562
752
568
788
1042
646
772
711
765
615
732
893
901
690
602
823
856
893
702
404
1001
742
1153
961
679
605
694
632
791
743
823
793
720
884
836
739
668
670
437
897
801
763
706
619
801
677
886
888
771
977
777
613
800
703
482
790
570
758
787
556
1082
720
706
784
919
774
792
788
623
831
621
904
967
804
719
748
833
720
618
873
660
663
611
859
698
699
788
814
744
1000
792
727
442
812
845
778
619
770
980
659
736
835
831
945
832
670
692
761
728
516
643
796
826
742
983
736
704
1018
761
857
694
693
662
688
622
739
797
884
561
613
570
866
721
609
789
675
852
850
989
1005
719
741
711
828
709
860
989
829
649
622
923
699
625
670
945
613
610
868
788
967
812
667
959
662
607
698
931
817
727
634
656
686
692
660
726
958
607
528
825
829
648
642
588
931
436
784
755
480
432
837
908
780
876
778
565
618
779
651
628
668
554
572
737
803
712
780
563
851
701
640
594
616
578
753
1057
572
852
561
540
646
692
837
815
653
700
564
756
737
695
741
580
929
638
761
813
1015
716
993
948
737
651
883
587
680
737
739
762
613
906
681
372
705
662
550
656
642
646
693
858
864
850
782
624
741
866
734
777
654
848
583
846
633
615
783
927
1006
513
722
746
792
1142
641
670
448
715
505
571
574
531
569
992
834
708
518
694
763
804
719
674
640
730
1168
636
656
575
802
568
965
589
597
679
948
629
652
861
659
943
517
832
687
714
1010
710
1035
552
896
818
642
619
569
521
811
886
1005
1022
728
866
913
966
949
707
822
1031
595
707
1052
724
711
874
905
730
736
863
589
581
676
700
651
768
479
601
675
771
767
650
705
744
616
746
693
794
986
968
976
797
739
781
971
757
544
630
586
843
796
844
892
701
1108
678
597
716
693
890
681
936
746
561
595
774
701
686
554
780
788
640
611
770
788
816
660
746
670
671
519
700
826
892
1009
659
913
663
694
590
645
745
793
794
934
812
720
919
887
584
749
542
698
974
673
828
562
770
695
562
695
844
740
600
264
338
799
869
254
841
829
893
837
702
981
740
729
683
819
780
890
254
523
508
608
915
645
779
543
489
805
699
820
837
633
833
654
656
672
711
823
696
792
645
642
866
924
883
696
731
745
844
945
851
847
795
765
879
843
858
787
686
970
728
750
557
713
918
870
755
568
806
996
638
707
747
628
778
746
553
712
662
701
832
864
778
642
663
622
570
527
846
685
813
672
740
829
773
837
747
776
945
599
631
745
694
861
564
784
656
884
804
825
739
834
625
749
534
446
717
468
644
765
890
1025
580
795
1062
546
861
549
868
902
697
893
861
722
905
616
666
848
630
1120
929
680
523
706
861
1011
867
893
829
790
691
650
862
559
857
764
679
761
920
724
358
734
970
678
746
682
740
719
739
645
710
716
800
612
545
732
793
778
1066
1120
924
769
758
653
808
826
648
793
862
853
895
662
760
563
787
743
702
748
574
853
931
958
929
713
756
912
862
656
543
761
825
905
791
667
774
682
706
809
993
376
752
479
823
973
725
655
805
1134
861
757
904
1009
860
848
689
664
1053
742
780
479
824
877
721
442
654
702
807
541
827
703
686
728
815
883
744
809
591
1149
1002
690
717
676
546
627
635
681
783
958
697
936
701
702
819
811
535
728
773
745
651
852
701
586
733
820
645
651
783
702
943
761
852
822
507
779
717
741
760
887
806
746
913
682
959
451
458
918
918
810
654
740
865
762
523
819
658
920
411
549
657
786
553
976
824
634
453
752
810
730
637
689
700
628
685
864
683
730
766
656
844
848
821
881
825
641
964
846
693
609
1063
751
928
873
631
895
903
682
914
987
599
767
758
806
829
555
824
811
975
712
738
808
705
559
831
573
776
680
701
695
683
795
838
573
610
1003
591
639
554
1068
896
607
812
996
801
834
557
811
710
726
574
799
1003
570
634
699
917
534
678
914
597
857
1042
741
850
891
781
659
888
822
789
841
490
850
485
525
567
697
820
914
786
501
683
630
772
607
734
657
627
1141
690
932
561
769
912
661
821
862
786
1071
888
817
800
785
718
702
573
536
692
965
738
696
742
561
663
769
921
473
659
684
666
705
715
643
708
726
746
728
833
737
825
685
1034
933
915
761
596
787
676
989
885
704
1003
752
640
882
748
957
903
868
1067
893
607
713
816
835
846
848
935
825
848
599
848
777
867
855
723
851
479
915
601
756
646
1083
763
612
991
722
794
750
701
800
688
796
765
712
496
710
767
937
778
772
750
906
714
723
829
825
1024
667
900
783
837
758
703
796
1082
1343
813
599
691
838
763
659
724
555
668
657
1079
713
763
598
839
622
776
602
720
616
783
618
767
610
931
515
895
754
529
593
861
631
617
630
908
611
605
982
708
808
704
470
775
570
758
939
675
619
792
665
841
682
1017
730
747
763
827
784
781
674
637
604
729
1048
618
1153
980
730
675
865
908
854
701
869
779
343
913
714
999
813
894
767
616
699
1013
762
640
640
581
868
798
772
903
1024
782
682
902
791
137
780
133
635
143
846
893
941
897
662
630
854
783
804
680
877
716
697
742
888
806
588
758
1045
677
1192
741
505
738
708
767
755
657
776
910
682
708
580
846
626
751
837
725
560
761
881
801
927
1064
705
932
791
694
871
715
937
998
676
811
679
901
798
904
824
607
751
827
667
678
801
768
761
967
989
577
666
626
587
588
663
600
649
579
833
699
676
625
669
653
588
656
665
1055
813
670
799
603
603
940
794
592
672
752
602
725
937
872
794
700
809
674
956
653
706
917
998
820
731
962
1014
546
729
942
868
676
721
808
888
838
1026
689
749
1035
578
1044
995
1107
729
853
683
662
854
698
628
702
729
830
631
857
576
849
716
832
621
725
802
664
765
937
564
256
996
745
506
621
682
769
665
581
929
952
809
694
677
666
982
586
643
754
928
748
688
619
842
936
658
826
900
739
616
621
746
756
630
897
758
832
633
857
525
745
796
857
785
782
1248
954
1014
945
953
834
805
845
957
691
715
707
653
745
1082
604
720
803
770
975
529
670
933
1019
804
656
842
859
722
888
742
701
691
671
646
761
854
733
811
853
930
681
570
653
1092
867
618
681
940
754
1055
804
807
810
795
763
844
718
773
704
881
1198
654
879
783
682
1082
757
859
992
1190
803
920
899
699
801
767
743
1005
712
867
667
852
904
764
924
631
885
1095
689
743
1175
856
701
714
772
675
712
724
931
731
969
668
754
817
607
908
618
823
695
645
748
627
706
575
619
676
894
789
834
851
729
827
922
664
609
882
772
858
909
720
1161
823
643
660
1011
936
795
910
942
999
769
598
930
1119
862
830
827
789
984
840
812
752
928
845
1098
913
1194
664
746
590
1000
973
1088
899
820
921
750
916
641
795
786
728
930
973
806
710
883
871
793
827
688
858
1005
896
835
801
744
625
718
690
660
1123
1065
714
693
1115
949
957
766
680
621
1047
1044
779
733
805
810
1293
1041
700
667
647
896
600
752
813
601
734
688
626
790
628
774
649
795
943
791
834
699
910
868
696
854
790
706
726
689
521
832
679
842
553
664
823
640
643
1014
795
965
658
871
825
901
855
659
752
695
732
844
721
942
615
945
965
647
989
1028
878
1130
734
732
712
683
933
730
886
836
972
667
585
708
719
608
1220
854
538
1114
843
848
824
987
1140
1021
932
985
836
855
1041
759
928
862
637
1085
882
1085
861
800
638
599
1253
1276
809
888
505
721
830
883
869
833
685
1012
722
712
655
608
886
725
849
629
1099
1128
756
733
1173
766
851
801
941
891
561
1156
662
863
746
654
694
715
938
670
782
773
830
753
719
812
1193
706
875
928
650
766
1150
796
1115
744
680
858
1000
894
567
820
663
822
873
761
1029
828
664
1146
739
683
703
784
946
793
827
854
631
657
673
653
853
565
574
800
904
780
840
785
709
515
499
821
825
812
930
757
592
819
658
611
1055
581
1065
1093
754
882
784
724
804
1115
1055
791
874
896
997
650
784
678
993
833
672
788
761
616
711
1186
874
1157
614
1095
719
965
766
923
632
903
677
1048
1146
745
729
944
782
1043
871
653
910
878
946
820
789
550
678
767
736
897
901
709
1331
1168
840
727
549
750
956
611
908
642
973
1089
600
1111
720
864
412
1072
1030
892
981
1098
712
833
876
1174
1055
1026
818
813
1148
855
925
997
852
810
1084
876
963
952
857
1034
921
719
717
794
1020
641
794
483
806
779
801
576
1078
745
710
733
749
602
1114
927
1091
752
723
817
889
869
976
810
508
603
701
743
1044
725
864
782
634
683
1084
832
881
854
934
789
989
887
1007
838
646
736
485
654
830
749
834
1148
939
1099
844
716
847
632
894
822
704
1042
1107
779
849
821
851
665
927
861
733
938
984
537
1087
760
800
855
855
839
865
854
1013
1030
370
395
831
793
837
771
859
849
870
734
608
902
756
706
1004
692
685
546
580
937
855
786
919
742
832
664
916
1218
677
1026
1027
708
757
705
733
598
1062
717
713
772
590
732
816
735
852
789
599
952
662
646
717
570
669
742
998
819
824
923
954
831
765
773
860
785
621
1003
769
708
677
831
684
803
915
648
596
961
867
815
1039
853
1128
997
910
723
1105
638
795
1271
1152
959
769
851
791
947
555
1140
1065
923
907
960
1064
794
947
474
746
842
968
1040
923
880
1074
1159
859
903
1068
988
919
749
1102
968
762
854
818
726
768
904
851
787
853
673
657
599
567
589
845
833
895
558
692
668
991
947
686
1052
778
1026
598
779
1031
1137
827
962
902
841
732
748
554
1031
986
638
775
1099
1041
1031
800
937
1118
740
774
859
737
1050
659
743
613
1041
713
1176
648
960
818
1084
890
758
964
661
877
670
1243
840
699
670
1032
845
608
729
989
1083
1049
868
622
1129
1064
128
771
997
1014
139
688
812
865
1100
957
1048
831
784
802
784
1277
761
811
1240
856
1069
910
736
851
795
650
864
968
635
887
823
883
1129
921
1021
713
646
760
731
856
968
932
756
883
919
718
1255
949
657
926
1313
925
855
1196
861
860
1134
907
758
569
935
871
706
889
667
1030
781
817
792
1124
1059
831
950
1078
1142
1068
854
674
660
1093
981
996
998
928
924
1169
889
1013
964
1116
955
948
789
1002
938
694
893
734
868
1011
1071
888
993
1240
739
877
713
649
1046
698
807
1019
697
934
636
983
914
913
1005
947
714
1106
898
826
1080
777
1233
1086
544
647
793
831
1060
675
940
672
743
855
923
1179
709
834
841
732
1186
528
969
798
732
1040
860
890
934
1427
777
652
748
692
818
712
671
857
639
800
997
502
1461
968
969
1003
806
965
939
767
1191
998
1013
677
941
967
617
932
1027
663
1164
855
947
802
1092
879
900
706
564
999
1104
1010
858
917
1057
776
906
1093
868
725
700
574
1081
657
964
1261
863
795
1106
860
1373
1083
833
949
667
985
816
687
1158
996
674
676
992
1007
810
705
689
1072
952
1125
745
1032
1247
883
738
794
1101
612
981
838
799
670
1060
826
674
565
749
994
1149
996
816
1005
841
834
795
1017
1020
929
995
903
897
613
612
753
1157
833
1052
838
546
731
706
759
826
781
773
1234
927
885
671
982
1199
939
783
990
1412
1021
564
808
708
803
931
931
710
691
601
808
835
738
995
979
977
770
829
932
958
842
797
659
1021
824
804
1067
856
721
697
802
743
1047
1048
729
999
802
1085
789
1082
1237
878
1099
939
958
861
1310
803
617
685
818
735
879
643
658
760
861
861
1013
900
942
750
733
750
1397
835
716
743
858
692
869
697
979
1022
902
979
985
973
958
905
918
879
861
1153
915
901
884
884
662
820
963
582
583
945
967
805
992
685
950
787
1016
1384
767
760
593
797
875
1269
1443
1087
1006
1065
1209
1136
791
1078
1468
971
1058
1049
900
1100
1223
752
741
1271
1081
800
764
1098
996
683
965
1070
965
700
924
930
856
1134
1181
735
833
927
928
811
625
1056
916
861
1009
998
934
790
905
714
865
657
801
1481
1071
976
943
1181
1166
1275
1065
1097
859
722
937
815
844
721
1036
881
980
1021
949
879
1138
600
921
797
553
831
761
956
1194
684
611
1040
942
816
1011
767
973
948
1030
682
1086
1038
932
922
743
1042
1202
633
699
1140
954
746
884
686
986
1008
831
753
591
856
1017
797
779
1019
1041
1191
645
969
756
1408
1049
933
733
1098
1317
803
923
973
744
1320
766
777
869
936
1057
850
1101
987
623
779
740
1077
836
931
881
690
801
971
1247
967
737
928
1110
680
1301
1052
710
702
811
1043
611
839
941
979
813
918
1043
1030
810
1008
1086
921
786
917
831
970
1048
1277
1092
744
647
1159
1118
946
1278
1211
923
1196
803
1045
1414
1176
1201
973
888
1064
1107
1266
801
1198
978
1052
763
789
1264
849
1229
755
626
959
1269
1118
884
855
813
1060
990
1269
809
602
1044
568
700
848
1233
569
1180
752
773
639
661
701
883
962
1493
1060
1338
934
793
913
1089
665
669
1054
1228
683
917
1083
905
984
1065
608
589
999
1058
867
736
855
623
1166
709
822
931
986
1005
969
928
1084
940
1050
980
1049
1109
1049
985
1135
1074
1033
922
806
783
995
794
1057
689
822
1146
875
1070
922
736
829
1549
981
1200
1213
835
1098
912
648
992
1177
859
1059
1329
1046
1173
664
1191
715
1156
792
892
855
1043
685
695
1225
905
963
1116
856
1207
1119
819
917
1215
1034
1193
998
810
898
856
1046
789
748
627
1246
1137
923
577
1053
867
889
993
1190
1114
830
912
1163
1336
1118
662
1265
838
918
1042
936
986
766
881
811
1210
889
895
859
930
821
713
1241
711
1413
1109
794
666
846
1069
1032
993
868
1017
788
929
1042
1182
1046
1021
1224
741
1018
1277
447
1027
700
783
835
1135
1051
666
1155
913
935
734
1026
1004
902
987
1266
1091
1167
1217
1141
756
973
1369
1067
1159
991
1256
827
1312
1346
861
925
1285
872
995
959
1132
895
952
1130
790
1242
1025
1205
988
1059
1158
829
820
844
1081
1070
1153
1075
1105
1097
894
914
1140
869
850
943
929
811
1455
1108
1099
620
717
1297
987
1057
1010
601
1138
982
1131
1350
1072
976
1049
1350
800
1138
1148
956
1013
814
884
860
1270
1421
1227
985
1046
1164
1013
650
1059
614
718
853
1110
987
1352
888
1358
1135
847
613
693
1220
982
895
881
928
1358
1013
787
1003
1224
999
969
1019
749
925
889
1083
1002
1004
1055
600
1083
858
851
1357
1153
1277
1132
1167
1042
866
1372
1192
1311
1055
962
1282
1064
1028
1013
1220
1266
1262
1370
1143
1063
1057
1001
1088
770
1113
883
1133
995
1005
958
968
1134
1230
1005
1387
1100
1173
1227
1302
1212
1116
815
1308
1153
1338
1055
876
769
1409
1004
1065
1033
1245
1216
1066
737
918
1005
705
930
1186
1069
899
962
1328
1074
1307
1100
1010
1223
1358
947
1330
1355
1023
1061
991
1528
1148
1448
1306
1196
1185
1064
1244
1221
1330
1042
918
1042
1348
1064
1123
1383
1291
1162
1341
1229
928
1401
1444
1664
1103
1424
1378
1186
1124
1183
774
1244
1364
690
1158
1561
792
846
1093
1309
1228
700
1358
1490
988
1221
1107
1331
1332
1310
1470
1217
1003
1241
1085
1170
1031
998
963
1024
1454
686
934
555
1132
1067
999
1176
1004
1231
773
1351
1348
1229
1052
1212
1039
698
1291
803
1141
1224
1322
1194
1222
1393
1211
1214
1193
1234
1253
1406
1167
1063
612
869
985
1098
1065
1172
974
1565
1060
879
1243
1078
1044
1071
875
1219
880
709
1319
961
989
1217
1350
1133
640
1143
716
1172
917
1091
964
1027
926
1034
1187
720
969
1036
1366
1093
1153
1255
1821
1215
967
1241
1217
1020
1131
1256
1440
1271
1156
1087
1339
930
1098
1160
998
1328
1088
1381
988
748
1368
1033
995
1083
1068
1402
1373
1017
1184
1238
817
1189
1145
1217
1117
1085
1205
1058
1052
763
1198
1012
903
1088
1103
1206
1119
1241
1069
958
1178
1208
1028
1130
1202
1010
1339
958
1197
1151
1373
1063
765
940
1423
1364
1464
1035
1308
910
1110
1156
1483
1057
1041
1029
1128
1133
1138
994
911
1260
1387
1305
1082
1040
1303
1139
1595
966
945
919
1343
795
929
1136
1100
1208
1178
971
1316
1271
1108
1128
1055
693
1185
1292
773
1187
1267
774
1012
1174
1444
1879
1343
1125
1143
1456
1505
1087
912
991
1238
1423
911
638
1260
1438
1049
1552
1632
1643
1046
1743
1468
1286
1693
1183
1118
1157
1065
1646
1185
1677
1402
1728
917
1187
805
914
1561
865
717
1553
1244
1279
1086
1213
1539
1348
1621
1408
858
1418
1501
1482
1407
1425
1446
1141
883
1052
959
1132
1121
1139
1436
1100
1432
891
1105
1017
996
1304
1620
1107
1018
1366
1315
1410
794
1205
1479
1595
1134
301
1433
1934
769
859
1497
1288
1282
1309
1036
1669
1185
1239
1137
1454
806
1356
872
1676
1124
1127
1120
1485
688
742
1281
1292
1465
1516
1387
1244
1392
1331
969
1459
1450
813
1219
1523
1581
957
873
817
973
1379
1618
953
1311
1358
1235
1152
1643
1854
1460
1090
1031
794
1128
1188
907
1398
940
702
1203
1330
1026
1097
955
1592
1525
1472
1210
1168
670
817
1222
1355
1540
1176
949
1189
1102
1802
1452
899
1323
957
811
1025
1408
1166
993
956
1328
982
1298
1319
856
1155
1288
1241
1021
1003
946
1712
1287
1247
1438
765
1461
1660
1098
1300
703
1695
1146
899
1202
1228
1467
1072
1188
922
1300
943
744
1301
1407
1026
951
1490
1097
963
1095
844
1182
858
1538
1177
1867
871
786
960
916
1223
703
1445
1642
1355
1483
932
711
1153
1289
1296
1424
1192
812
1217
1329
1002
1288
1002
1513
1390
1595
1366
1310
882
837
1084
1307
1575
846
1347
1416
986
894
907
1406
1499
1547
1086
988
965
1529
1721
866
1125
1271
1062
971
1378
1449
1660
1203
1776
1673
1553
1063
1006
421
490
963
1585
937
1242
1821
905
1705
1501
1257
836
1543
1485
1126
1171
867
848
1151
1172
1477
1640
1664
1598
1228
1444
910
1656
1024
1420
1501
856
1363
1377
1070
886
1641
812
904
1228
886
1204
1150
1226
1393
761
864
1401
1340
1405
1457
1501
1089
1628
1108
1438
1222
853
1149
986
1474
810
865
1065
1310
1336
1246
1347
1696
729
1059
1056
1084
963
1226
1214
1605
1024
1059
1466
1203
1061
1020
1427
1484
1269
851
908
1115
644
715
1386
1137
1425
1348
1414
1027
1002
1364
1103
1271
1389
1079
1310
1045
1000
1661
1464
1651
908
1024
871
1234
1428
980
1193
1916
1150
1533
1327
493
1628
1030
1352
1362
830
942
961
881
1411
1079
1088
1021
1213
1167
1217
1025
973
971
999
1107
1356
1122
1070
747
972
772
1388
796
1334
1480
1835
920
760
1033
1497
1165
985
902
788
1445
1091
958
1329
1505
1155
1318
1524
1242
1277
1664
1214
1481
870
1055
1444
1306
936
912
1219
1118
802
1040
1042
1616
1203
1332
861
1372
1573
1195
1130
1278
1269
414
1279
1369
1469
1742
1162
1029
1188
1078
1051
1088
695
1191
1485
1509
1205
1006
752
1491
1043
1288
728
1007
1222
1770
1824
1628
1200
1277
980
1107
1231
1168
1745
1118
1670
1027
1067
1062
1757
1523
1440
1496
1677
1217
1804
961
1149
1326
1002
1041
1093
1489
1137
835
1171
1935
814
1088
1116
819
1039
1482
1333
1394
1447
1052
1131
1409
1107
1008
1510
1305
1628
917
1197
1462
939
774
1096
1069
1077
1323
921
964
1131
1588
1669
1019
1220
854
1041
750
1418
1120
1218
1198
1194
1383
1681
886
784
1650
1436
884
881
1679
1319
1218
1566
1102
1369
969
1797
984
1571
1617
1208
1374
1730
1507
1522
1156
1040
1021
1432
1058
1109
1565
1288
1464
1664
1590
1287
1621
1441
1606
1529
1380
839
1641
732
1549
972
1567
1351
1852
1023
1750
1661
1736
1140
1171
1267
1478
1172
1365
1633
1306
880
950
1317
1586
1080
1568
1123
1303
1528
1699
1447
988
1358
905
1453
1150
1319
2171
997
1392
1688
1697
1738
1373
1260
1651
1515
1419
1339
866
1466
1488
762
1627
1181
844
946
1504
1660
1106
1203
945
1216
1248
1026
1255
1433
1469
1526
1321
1368
1403
1013
1114
720
1258
1301
883
1281
797
972
876
1055
1264
1293
1380
1590
1278
1569
1339
1504
1319
983
1220
1480
1714
2040
1590
1251
2393
1630
1464
1415
1407
917
1591
1268
1516
1697
876
2081
1021
1345
1303
1695
917
1313
1394
1295
1653
1204
1460
865
1435
935
904
848
1173
1208
1461
1569
1366
1575
1770
1291
1630
2059
1160
1330
1589
1407
1323
1624
874
1578
934
1607
1810
695
1016
1430
824
1692
1168
1083
1481
1516
1200
1234
1332
1732
1263
1285
1141
1444
1711
1458
1373
1686
1293
1342
1490
1256
1239
1465
1609
1591
958
1776
1538
1196
1024
884
1578
1751
1268
1263
1675
210
1353
736
1240
1551
1242
1199
1399
1596
989
1565
1700
1712
1691
1621
1457
1251
968
1566
965
1602
1663
1508
1818
1348
1548
1706
1649
1380
1409
1169
1430
1466
1591
582
1405
1473
1359
1638
1354
1638
1152
1598
1562
1772
1600
1172
849
941
1429
883
1674
1097
994
980
1440
1020
1432
1450
1107
1815
1755
1238
1607
1298
1149
842
1503
1470
1333
655
1222
1506
1605
1713
1934
1409
1056
1664
2131
1215
1527
1021
1429
1388
1152
1026
1154
1115
1582
1420
1330
1703
1168
1357
1683
1477
1108
1404
1647
1992
1173
1202
1499
1003
2104
1403
932
1719
1502
1289
1578
1322
1002
1617
1393
1455
1452
1662
1367
1053
1615
1627
1432
995
1609
1165
1610
1459
1221
1491
935
1189
1010
853
1426
1382
819
1296
1291
1376
1023
1326
1214
1405
902
1471
2083
1314
1233
1398
1640
1186
907
1668
1650
1372
1428
636
944
947
1615
1361
1617
1230
1427
1283
1668
1062
1017
1288
1064
1252
1708
1306
1470
1405
1206
1229
1207
1142
962
1194
1304
1235
1106
1579
789
1452
1553
1861
303
1668
1484
306
2130
2060
1057
2251
1517
1253
1411
1142
1063
1018
1567
1010
1470
1568
1357
907
1631
1636
1036
1751
1417
1050
1046
1375
1009
993
1165
1021
1068
1228
1389
1516
1335
1559
1575
855
1336
1679
1501
1617
1773
1389
1310
943
1396
1070
1178
1600
828
1828
839
1370
1219
1698
1429
1464
1673
1313
1118
978
261
1345
658
1354
1607
1361
1826
1063
1660
1147
1510
932
1692
1104
1052
1685
995
1193
1498
1772
1323
1558
1652
1322
1552
1808
1495
1697
1840
984
1742
1528
1726
1655
1479
1009
1385
1472
1604
1833
1018
1223
1369
1719
1094
1787
1733
1023
1649
1138
1100
1365
863
1272
1639
1691
1919
1586
1377
1435
1442
1541
1012
1368
1620
1573
1423
1399
1233
1282
1416
1617
1278
1035
1746
1261
1308
839
1378
1041
1906
1143
1892
1951
1081
1710
1050
1353
1671
893
877
1215
1346
1411
1204
1421
1419
1224
1622
1355
1457
1555
1048
979
1466
1255
1183
1428
828
257
256
268
1454
1678
1513
1180
1107
1185
831
996
1690
1618
1332
1562
1112
524
1142
1442
1347
1127
1151
1309
1259
1041
1179
1497
1031
1275
1082
979
1624
1543
1391
1534
1638
913
921
1716
1234
693
1656
1706
1579
1252
1519
982
1500
1475
1678
1564
1487
1236
1512
1325
1533
925
1079
990
1458
1641
1381
825
1057
1247
928
1227
1415
1174
849
1433
1134
1627
1189
1297
1325
919
962
1264
1309
1447
1519
878
826
1647
1657
225
1712
747
1527
1279
874
991
800
1614
1083
1467
1273
1820
972
1386
1054
1579
1282
1611
1204
1160
1216
2193
1479
1560
1750
1121
835
885
1532
1569
1727
603
1563
1149
1005
1606
1423
194
1433
1150
1623
914
1421
894
852
862
1246
1347
1567
1332
816
845
1579
999
1768
1038
1111
1101
1279
1067
1648
1118
1402
1480
1441
1228
1462
870
1511
857
1082
1421
1020
782
1314
867
661
1598
1520
1267
1336
1194
1163
914
1337
1207
1514
1498
1724
1636
1021
1170
1182
1745
1318
1516
1694
1532
1400
1389
1696
1292
1336
958
1243
1280
702
804
1650
1344
1056
1476
1527
1340
994
805
1794
1277
1448
1359
1228
907
1200
1524
1463
1021
1369
859
1538
1561
1516
1390
1603
1214
966
1271
1143
1042
1391
959
959
751
1459
963
918
879
1163
1210
1791
1025
1337
960
1697
1485
1621
1323
767
1390
858
1136
715
1268
1237
1115
1033
923
1253
1489
765
1463
825
1367
1006
995
2038
1365
1095
1484
1384
954
1114
1365
1847
1343
1346
970
1593
1389
959
1148
1807
897
888
1184
1803
1449
1436
978
1665
1917
1517
1508
896
1590
1459
1726
255
1489
1206
1605
1329
1340
1676
1396
1142
957
1542
767
2250
1506
1683
1426
966
1293
851
1033
1181
1440
1315
1285
1176
1301
877
1633
1323
1363
1946
1066
1489
1315
854
1223
1399
1393
1173
763
1466
875
1128
1425
1852
1466
1557
2006
1283
872
967
877
1423
772
1165
1205
1741
1559
1509
1243
768
1183
1382
1214
1565
1287
1300
1072
797
1264
1034
1939
1285
1503
925
1628
1622
1141
1389
910
675
1644
1345
1610
1046
979
1078
1641
1332
896
1202
793
1272
847
1051
929
690
1341
646
860
892
1551
1082
1488
1439
1044
1346
1242
1545
1289
1513
1057
974
1618
767
952
1006
1228
1124
848
1214
827
808
1011
742
1545
1203
1162
1216
1258
1530
1245
952
1206
1206
970
1379
1873
894
1136
1300
1670
1548
939
730
1603
1444
1175
1340
1110
1209
1415
1178
1403
811
1369
1336
1376
1641
1032
695
821
771
1726
1169
1107
1033
1578
1640
1413
1494
1805
911
1261
1188
1333
1535
1170
1199
894
899
1495
879
1145
1146
1597
915
1246
1331
1356
969
936
927
1560
1667
1570
1768
1727
1487
1143
1891
1569
1315
1035
1492
1480
1055
1558
868
1024
1063
967
306
1052
818
1285
750
911
1453
1389
1400
1242
1429
1261
1040
1128
1445
1658
923
1272
1004
1066
1306
1589
1605
1545
1549
1033
794
1539
1523
1268
1944
1164
1368
1159
1358
901
1294
972
906
1340
899
1296
1183
1247
943
1752
817
858
734
877
869
1364
1228
1268
1026
1484
764
765
1345
722
1065
1487
1261
921
1001
1170
1478
1157
1564
880
919
935
1178
1188
1830
1449
1336
1102
1436
1201
1311
1217
1282
1261
651
758
1299
1426
609
1211
1186
1508
1363
1203
865
1304
978
870
939
1029
1350
1461
1252
1478
1151
1888
1557
1670
1424
1339
1290
1294
1555
1748
1487
1908
731
1065
1337
1154
1321
370
1240
763
1282
993
1508
1511
1027
753
1543
794
1217
1458
1413
872
898
934
749
2012
1543
1162
646
1043
810
1353
1108
1575
1116
1098
1132
1015
872
1057
700
1265
1154
1118
1678
1551
1267
1293
1454
787
875
1705
1472
851
1434
1367
481
1271
1227
1344
1371
1361
889
1385
1525
1321
1433
1215
1461
1556
1463
1609
1176
1234
1420
1267
915
965
854
952
843
1265
916
1235
1117
1314
1136
1101
1249
912
1554
1267
1453
874
929
714
1130
1356
979
1048
1255
1792
1315
1189
1180
1177
1526
1694
1516
1741
1711
307
1287
1225
1302
1105
1120
1421
1278
1026
1660
1372
1445
1397
761
1385
891
1206
1329
1409
1150
1271
1902
1091
1596
1752
1463
1586
1492
1101
1894
1553
967
1283
934
829
1154
1165
1393
947
1000
1928
702
1237
1191
1361
1356
793
835
815
1669
1170
1717
587
1226
1142
1495
1782
1167
1219
943
1343
874
1471
928
1141
1188
597
848
859
975
991
617
858
993
1417
1175
1362
1286
1360
2401
882
1233
1325
1395
766
1427
1474
720
983
1803
695
1433
1401
1945
1262
672
1001
1136
808
834
1361
1861
831
983
1275
1059
854
1160
1384
793
981
1190
1673
1616
1555
1103
1294
1607
1136
1068
886
942
1522
990
1019
1474
1279
1684
1651
937
1492
1268
781
1431
1136
1491
818
1459
1064
871
1694
1360
1510
899
1427
1539
1228
1389
1819
2101
1628
1163
1097
920
1495
1385
1217
1343
1074
1703
1406
1003
1488
1640
1513
1502
1554
1571
1099
1266
1171
1165
1474
1208
1831
2088
1496
1829
1077
1207
1554
1278
1419
969
1344
783
1077
1099
1122
1475
1015
1977
1309
1915
1004
1787
1389
1624
926
837
1382
1029
1299
1000
1338
841
1319
1119
1313
1313
1448
1410
1285
1117
1129
1151
1578
810
1203
814
1315
1268
1321
1379
1258
917
761
609
903
1638
1216
846
897
1282
1463
1074
1837
801
696
784
910
1226
1195
772
1592
1562
873
791
846
1286
1264
810
1293
832
1398
1140
1425
1323
1256
1365
1390
1020
903
1502
988
643
1320
942
1387
859
1200
1002
1217
945
988
728
2038
1391
1024
1326
1472
1423
1784
1770
1873
1045
1192
1527
1067
1042
1605
1345
745
1252
1071
1663
1353
1278
887
1517
1047
1129
1612
817
1331
1326
691
1051
894
1383
1079
1078
1624
948
1558
1287
1451
1032
1134
843
836
1077
1165
1014
1299
1204
1095
1003
1158
1157
1185
1347
721
708
1621
788
609
890
913
1322
1554
1669
1322
1265
1618
1420
1219
864
1553
1184
1554
1623
935
1753
1643
1340
1180
757
1178
1053
1127
1404
1894
1422
1208
1237
1333
1283
680
1093
746
1638
1278
886
830
1528
1539
1217
1246
868
1500
1264
1436
1760
2211
1231
1384
869
879
1308
1537
1666
1855
1330
1158
1515
1406
1249
1064
1021
1448
1583
1574
1507
1035
989
1513
1503
1391
1238
1681
946
889
1436
951
1078
1203
1151
1159
620
844
953
1338
1145
598
1067
1165
1425
1683
997
1073
1227
1324
1310
1159
1038
803
1237
1300
1229
319
1143
292
1527
235
1499
370
375
1166
997
834
918
866
1285
1008
856
1409
809
1235
1409
1112
827
1605
1260
1271
1631
824
1657
1177
916
1569
1199
1374
1287
1053
976
1087
1550
1189
1527
1553
1161
559
886
1371
1099
1201
840
1130
1385
1303
1627
1289
1483
898
1375
1551
788
1330
1014
969
1191
1400
1477
1254
1328
1384
1097
1019
956
1162
1184
815
1229
1480
1132
1255
1040
896
1274
1698
1507
1315
1402
1295
980
1290
1326
970
1272
1497
1242
1171
826
1416
1204
1674
1009
813
843
880
1399
1193
983
823
855
1059
884
686
764
1166
860
1339
1030
916
960
1377
2252
1277
1708
2172
1921
542
1142
1129
1346
1887
1355
1701
1376
1740
1240
1428
1010
1488
991
806
1586
1083
827
1172
1321
1063
1871
945
1158
1336
1426
1094
988
1656
1087
1424
1720
1557
2022
1581
1289
1280
1570
1098
1416
1653
2019
1949
1435
1188
1688
2174
800
945
675
1449
1700
1011
1029
1583
1121
1324
1622
1598
1447
1477
1436
1390
2156
1590
1620
1381
1453
1801
1780
1586
1534
1321
386
1102
1310
1295
1447
1352
956
906
1463
687
1037
1152
823
595
1385
1540
1546
1551
1359
1473
1285
1349
1406
976
1279
1293
1717
1043
1498
1049
1399
1421
1241
1533
774
1435
413
1880
843
858
849
876
1451
1614
1145
573
1295
926
1947
1055
1338
1358
1328
1554
1567
1637
1262
1309
742
1713
1286
1521
900
1190
866
1144
1174
1461
670
854
805
924
1545
1577
1520
1019
1196
1286
1494
1027
1610
1616
1222
1681
1164
1029
1636
1149
1246
863
1557
1377
1294
1873
1215
1432
1537
1575
817
1653
783
939
924
761
1462
710
980
1496
1564
921
1705
1804
1613
1022
1223
480
1769
829
528
1448
1322
1266
1726
1019
982
1335
1340
1503
1390
558
1196
1573
1170
1544
936
1027
1413
724
981
1002
1282
1094
1139
1348
785
1489
940
1030
966
1274
867
1585
1645
1319
1528
1280
838
1212
1702
1100
914
1669
646
1720
953
949
1285
802
1296
1077
1758
1166
910
1726
1292
916
1284
1346
1931
908
1485
1652
1287
1417
1049
1314
1391
1026
1765
1003
1209
900
1460
1504
1758
776
879
645
1238
1478
1372
1031
1079
1509
962
1157
1679
1373
1543
1389
1396
1674
1176
1508
1078
2144
1727
1269
1207
1896
2059
1181
1744
1089
1743
1683
1486
1257
1688
1509
1139
1197
1008
1707
1451
1021
1755
1439
2060
1317
1048
1368
1415
1236
849
959
959
1634
1473
1478
1736
1700
989
1138
1469
1567
1578
995
1240
1307
1492
1406
736
740
1526
1530
1600
1103
1210
1160
1354
914
1034
1373
1456
1405
1405
1442
1634
1078
827
1429
1046
1382
1495
1661
1660
1100
1320
1656
1269
1302
1896
275
1339
1066
689
901
1577
842
1351
1425
1457
927
1532
1518
1648
1009
1182
1113
1106
1010
1870
1408
1594
1134
1343
855
1479
653
1397
1167
818
1518
1063
1029
1432
712
1392
1591
1809
1486
1047
1521
1543
838
1146
1395
1763
2054
1910
1811
1079
919
1388
1131
1616
1333
1451
1480
2070
1236
2013
1049
1167
1194
1410
1178
1389
1013
1855
1538
984
1472
1064
1770
1640
1019
1067
1806
755
1598
1099
1291
1170
1373
1573
1473
1362
2165
1596
1485
1627
1972
1551
1555
1080
1404
1550
224
1182
1649
1154
1432
1627
1438
1000
911
1131
926
1427
1362
1116
1680
1666
1934
780
868
1491
1736
1453
1399
1698
1189
1281
882
1277
1152
1401
1019
1155
1174
1411
1097
1011
1055
1278
932
1535
1564
1232
960
1211
1345
1204
739
828
1628
1009
922
1399
930
759
1678
1590
790
1298
1615
1502
259
971
2574
1558
1037
1558
1491
1532
1576
1498
1329
1158
1338
1480
1498
993
1228
1474
1492
1367
1088
1035
1249
801
1477
1196
336
1611
1457
1524
791
958
1745
1050
868
1401
1118
948
1099
972
1668
1735
1228
1207
1611
1682
1265
1114
1118
976
1551
890
1433
1624
1400
879
2103
934
832
1210
798
963
1261
1771
1401
1939
972
1204
1613
1847
1069
1091
1232
1418
1588
2057
914
1586
1842
675
1434
1283
1677
1549
1249
1544
1338
1069
823
1324
852
1164
988
1557
1404
694
1267
1281
891
818
1461
1405
1285
909
1535
1611
1503
1080
1295
1006
1465
2145
877
1469
1121
1282
1486
892
1429
598
1697
841
1196
1467
1385
1187
1551
1522
1286
1102
1439
1899
1526
898
1140
1341
1286
1759
1389
1084
729
853
998
1538
1334
1348
1842
1390
1449
1424
1163
1507
985
1499
1058
979
996
1073
1931
1398
1259
1554
914
1415
965
1448
880
1315
1185
1625
1456
1169
1353
1366
1434
689
1721
1196
908
1727
860
1269
1173
1619
913
1634
1403
761
1097
1383
928
1654
1400
844
885
1417
1222
1268
1037
1170
1096
1001
1295
1322
1110
818
854
1468
1291
1105
1413
1609
1507
909
1337
800
1180
764
1454
1546
1431
1432
1036
1721
1533
908
1009
1396
1288
1329
1314
1639
1493
1398
1574
1310
663
1436
1120
1337
999
1625
1601
1441
922
792
449
1819
879
1674
1812
957
1489
1319
1303
1497
1167
1100
966
1067
1075
845
1182
1485
1071
1222
1663
1043
1361
944
1260
1436
1049
1300
1406
1333
1439
1112
1523
1271
1514
1198
990
702
765
1551
1345
1172
1095
1178
1234
1076
751
727
1134
792
962
1464
1366
1505
904
1754
1206
1213
1318
1213
851
1400
1068
1378
1342
1545
834
1379
1553
734
854
1550
1385
1107
727
1392
1523
1076
1452
860
1395
1166
1447
1071
1236
1619
900
1445
1535
1279
1294
937
1204
1505
1267
1064
1641
623
1338
1486
779
1288
852
1601
1493
807
780
1652
1656
1571
1254
890
1803
1215
686
1039
1163
571
1312
896
1132
747
1504
777
1727
1456
1036
1523
1219
908
1178
1182
984
1240
874
735
817
1096
1371
882
1528
814
926
1031
1003
1334
813
1509
1733
1466
1262
1130
1051
1066
1476
792
1387
787
983
1132
1377
916
1469
913
1101
1562
995
1117
1076
1424
1355
786
917
1292
1504
954
1509
671
1659
1013
1439
1489
1993
1357
742
1382
1707
1908
1464
948
883
992
1319
1458
1299
1514
1194
1325
1216
1432
1217
2172
1565
1128
1201
1178
1468
1113
1073
1387
1159
1769
1348
1388
1651
1293
1445
1638
1388
946
1445
898
1477
1208
1580
1389
1228
879
1395
1374
1030
1689
1097
895
1313
1331
1167
968
1753
897
930
1041
1118
1298
1275
1506
863
1022
1425
1432
1515
1486
898
763
1039
1924
845
575
1275
834
1598
1404
1644
1226
978
1776
1464
1406
1226
1259
1355
1063
1309
1218
1836
1122
931
963
726
709
996
1273
2047
913
1398
1125
1889
1608
1176
1409
1533
1383
1753
1509
1540
1258
918
1399
1021
1482
1635
1597
1506
1032
934
2035
1598
1884
1590
1163
1382
1420
1487
895
800
1702
1888
824
1398
605
1398
817
1081
367
1848
1528
1737
1080
1238
1330
1551
1162
868
726
895
1568
1240
997
1153
1468
583
1263
858
1064
1172
1095
1462
1135
770
1289
1121
1058
1156
661
918
1406
959
1068
1722
1222
1253
1879
768
2129
992
849
971
1506
997
1202
960
1027
1588
1187
1274
1492
1461
1592
903
1285
1247
1055
1180
718
1385
1588
849
1285
1643
1802
1570
1626
1442
1060
1556
1391
969
1619
1402
1140
1616
1419
908
2024
1912
1680
1296
597
1045
1640
1342
207
1249
1152
667
1607
655
705
706
833
995
717
696
1374
706
1547
1068
1119
1519
693
448
1001
1638
1291
1798
1093
1209
1238
1201
1412
1286
1533
1569
1426
1544
1320
839
1627
1120
634
890
706
786
343
1387
626
680
833
814
987
1109
1541
1389
1163
1424
1550
1352
1343
1193
1335
1402
1175
1576
1020
1377
1571
1063
1173
1086
1550
1537
540
925
712
1455
944
773
807
1991
1625
806
1035
1220
751
866
698
778
552
878
1108
1077
598
718
1385
1239
1532
1490
902
1163
953
765
761
1589
1075
855
1258
1286
832
1207
1694
1341
1203
1220
1619
1364
904
1338
1610
798
1196
618
931
1726
1470
1117
1402
1094
795
1267
1492
1017
1265
788
1531
743
861
684
931
984
908
1488
963
1152
1373
1527
1199
674
1489
1552
1322
797
792
1140
1632
856
1237
910
1344
1349
1183
955
1370
798
1264
1192
961
1214
1039
654
970
1541
871
1673
1837
1730
1493
845
842
1144
809
974
1000
1025
1212
1675
1358
868
1479
1235
1040
899
1007
958
897
1584
708
833
1361
1739
1299
610
750
1112
1705
1368
936
1581
767
1531
1312
1348
1497
915
1199
1285
1707
639
1089
1203
805
2029
1431
1331
1683
911
1083
1301
840
1044
1047
1259
978
1342
1537
993
1435
863
906
978
1203
1384
1082
1405
1224
1493
774
1358
1302
873
851
1688
1158
1489
1442
1423
663
1522
1489
1690
1661
1431
1144
1206
1348
987
1676
1442
1228
924
1523
779
1237
1182
1307
1186
1207
1309
815
791
1781
1471
1811
1545
1507
1106
1073
1369
1282
828
928
1430
1277
925
1361
1458
1564
1459
891
755
1139
1352
1045
902
858
960
782
938
1500
1580
1407
1497
1028
778
1039
1041
1070
837
901
781
946
1152
1507
1211
1453
1431
802
989
1267
975
1174
1868
1535
1312
1316
978
1351
977
978
1586
880
1315
993
1017
1434
1325
896
866
1704
1641
1555
1172
1420
644
965
1655
1670
1594
1532
1549
1269
1343
1486
1588
714
972
1341
1262
1669
989
1182
869
1074
842
1607
1458
1318
930
1434
895
1538
876
1606
1514
1200
901
1259
745
1054
1061
914
1381
1216
1580
841
1404
1162
1145
1211
1523
1229
1691
918
759
1387
2006
1057
1101
1208
712
1326
930
758
834
764
1905
826
1195
1001
1579
1668
997
960
1341
1100
1203
1132
1291
1443
1530
1187
1385
1855
1270
1821
1868
1519
1266
1630
765
1453
876
1032
1078
1548
1393
1553
1345
1421
1555
1332
1673
1523
1371
1329
1300
1524
1013
1385
1941
1218
1204
1301
973
1470
1446
1523
1014
1372
1333
987
1058
948
854
1403
1244
1168
1499
1272
901
1115
743
949
1516
1172
1211
1225
939
1217
1468
829
1052
968
836
1425
1292
860
1425
1268
1243
1468
923
1214
1277
813
1379
1589
1453
1389
1085
1447
977
1211
1279
1547
1317
1514
1704
1485
1530
928
1552
1432
1425
429
833
1568
1279
1438
1246
1020
694
1830
281
1418
1039
1205
951
1218
1059
1242
1276
1550
1421
1340
1683
706
545
1430
1745
1833
1737
1728
1387
1683
1058
1518
987
2099
1111
1469
1508
793
1534
897
990
1409
1462
1271
1632
1467
1383
1263
1328
1335
1455
1129
1201
988
1118
1390
1003
1131
857
1149
1709
1549
1334
1251
1030
1658
1404
989
1338
1224
625
625
1032
1427
793
835
767
1258
1380
1214
1700
1521
1110
1066
908
1017
1190
879
1443
1306
1154
903
798
1241
725
758
791
1476
1532
1181
933
1519
1569
1548
628
1092
1384
1272
986
1333
1648
1685
1441
1229
910
2008
1312
1956
654
1135
1387
1809
812
874
1226
1307
1032
1429
1684
1525
1170
527
1332
1254
1108
1021
1485
1420
1663
1557
1454
824
1335
890
1405
1752
1538
1462
1957
1581
1163
1547
892
1488
1361
1222
1047
1703
1052
997
1269
1411
990
880
1391
1404
737
1466
1306
717
812
1498
1232
1450
1005
1191
1493
1712
1413
1122
1658
1405
1614
1484
1112
1985
967
1954
1707
1363
1161
1041
708
1809
1131
1576
1206
1206
1217
1245
1586
638
1447
1526
1437
981
1405
885
949
1001
751
972
1080
1521
983
456
831
747
1035
892
1007
1551
1665
1223
995
1499
1439
1617
1734
1532
1707
1629
1242
1080
929
691
1451
1543
825
1126
1538
1123
611
1438
1347
1466
1247
1113
750
779
846
567
1055
1777
1417
680
959
1493
1498
1811
1154
951
1501
1509
955
1044
936
1093
1720
1582
969
1198
1062
2203
1309
1505
1595
1189
1281
878
1300
948
1288
1050
1046
1022
869
1063
631
1636
1112
1449
961
1762
939
1967
1580
872
1834
1042
1234
1199
1788
1323
1506
1395
1171
1139
906
1019
1178
1302
1319
1625
1198
1217
1576
966
1245
1184
1599
769
1359
1465
1261
1814
1598
1486
1480
1556
890
939
860
1090
946
912
1382
1226
1401
1330
1652
1362
1564
1274
844
858
1336
824
1264
1193
1037
1149
1465
875
1292
1230
1170
1217
1283
739
1391
1214
1321
1381
1580
1286
1258
938
1684
1507
941
734
952
1438
1424
1504
1055
804
1337
1417
1293
481
463
1336
1183
910
1034
1445
1185
1469
1347
465
779
1122
1388
1305
1507
886
1386
1196
1336
1022
1262
1114
952
1209
1537
873
1034
1230
1144
1334
1005
950
1619
893
1723
1828
1130
1215
882
744
736
967
635
1286
779
1001
1516
1243
1322
923
1191
833
996
1215
1311
1708
472
1035
1037
1007
1027
1537
1194
1494
1150
1521
1548
1448
1176
1241
1246
1601
1487
1570
995
1437
1529
1377
1217
906
1691
1374
1527
1252
1244
1490
1555
843
1680
1033
1087
1459
2034
1369
1486
1050
1384
1360
1228
1703
777
1180
1598
1044
738
1087
956
1626
876
929
1441
841
862
1429
932
1486
1403
1400
851
940
1214
935
1715
725
1281
1423
1746
1605
948
1228
850
1357
1362
1351
1461
1232
1356
1251
1442
1032
1446
1052
1240
1618
964
989
1224
750
1505
909
804
770
1639
906
1178
1771
1373
1335
1068
1643
1479
1541
1414
1604
1175
1786
1633
1534
1042
1317
1020
1356
1068
897
887
797
880
1540
795
1550
801
2203
1320
940
1149
707
1039
1448
1583
1509
1441
1453
978
1741
1765
1587
777
1466
931
1383
1518
531
848
1211
1118
1472
1745
1054
872
852
1690
914
930
1085
1090
892
900
1428
1011
1384
1713
1296
1483
814
545
1435
1132
785
1151
988
370
1519
1068
461
1093
1007
1450
1259
1237
1317
980
2241
1143
1340
903
1266
807
1148
1648
917
1141
1444
1326
1099
1000
1619
993
761
1340
1047
1064
1184
919
1154
1161
1651
1305
1266
931
1097
860
1467
1442
1426
991
981
1519
1235
1392
883
1074
1148
1855
1297
1688
1890
1427
1473
787
949
397
2188
1499
970
872
1236
898
1563
1588
200
2072
1531
1522
1609
1576
1598
1083
1435
1633
1180
1610
994
1537
969
1202
1408
1439
1189
1195
1642
788
907
758
829
853
563
910
1189
1394
916
870
1355
684
1329
1425
1006
1304
1527
1340
1202
1004
1417
973
1139
1255
701
1377
1156
994
1426
878
866
838
861
987
1340
903
1437
1262
1530
1331
1471
948
1168
1200
1135
983
1498
267
1737
280
1412
1355
1302
1205
759
832
1262
1449
902
972
1378
1480
1397
988
2071
1481
1308
1144
1392
1052
1961
1581
989
794
1187
1119
1193
1399
1399
1172
1176
1345
2396
1225
1568
1418
959
437
782
1420
1563
1277
807
1346
921
1050
1362
1308
1580
1425
648
1278
929
1236
858
1105
1256
1358
1051
1792
1447
821
1320
826
657
1499
1825
675
937
1498
700
1218
1506
1664
1351
1549
1368
1556
1371
889
1498
1009
959
1582
1462
1170
1539
1095
1220
817
1854
979
1539
1227
1536
1001
1227
930
1481
1155
1747
1314
1211
1461
922
1730
906
1470
940
850
962
1625
1545
1436
2095
1287
1531
1584
1509
2025
894
1128
1422
1339
1417
1561
696
1047
945
1764
1438
1113
980
1353
1237
1336
512
1713
1283
1180
1038
909
1582
1394
1569
1191
1449
819
1429
1477
1375
1340
1405
1189
2246
1083
1636
1504
414
1370
1194
1856
1339
800
1323
1019
1228
1491
785
1259
570
595
857
669
1318
1564
1335
1467
1373
1500
919
1513
1696
1589
1282
1287
1264
407
820
1318
1088
1492
1425
1301
1308
1270
961
1488
1510
1025
1106
1885
919
1011
1582
1460
1359
1052
1465
778
1132
1278
930
1301
1518
933
1159
1567
991
1437
1542
1153
1725
1424
1043
617
920
1008
1515
1844
1544
1129
1285
1790
969
827
1364
859
1593
1357
1437
1562
877
294
1552
1490
1052
940
1184
1207
845
773
859
1336
1357
855
1023
1198
1231
1099
1157
173
1445
758
1300
1090
1286
1188
937
1194
1379
1367
1202
1214
1273
989
1244
1140
1413
1405
1102
1387
1632
1505
1343
1678
811
1402
846
987
1336
728
1328
228
1467
1014
1134
991
1271
966
1825
962
1349
1218
1427
778
782
937
1379
1125
1169
965
2198
1654
1353
1316
1306
1513
1552
1148
1392
1023
1596
1919
1566
1079
1322
1358
1538
950
695
1039
1758
910
1283
867
1488
1451
1203
659
775
1551
1038
1076
1425
167
848
689
872
1737
1088
1596
1759
1082
1015
1120
1559
1473
1089
1662
1442
1309
1578
1464
1317
1741
1325
1070
1683
1306
1853
998
1115
1363
1375
187
1251
1072
1428
1288
885
1165
1476
1488
1072
785
1565
1222
1344
1917
1307
1585
1311
970
1183
1420
1388
1137
2251
1108
1514
1682
979
1049
1743
1724
1527
1466
679
1171
968
711
1471
1288
814
1318
977
1056
1396
759
1629
1902
1030
1394
868
955
896
1218
1030
2081
1456
1046
974
1314
1519
1999
1564
1655
1107
1104
1152
1247
1656
1366
2063
943
403
1447
1570
455
1376
1475
1825
1434
1586
844
1028
739
1256
955
753
1390
1526
1013
1322
1251
1757
1394
1371
1326
967
1348
1502
1025
1839
1837
1740
1438
1548
1496
996
1367
1964
891
916
934
1023
980
1106
1494
1793
1583
1762
1070
1056
1212
1456
1078
1487
1178
1405
996
1493
1485
1296
1393
1064
266
1434
633
1287
1602
464
999
1555
1407
1989
1456
1345
478
795
1526
886
858
1380
1148
1313
1622
1181
1223
967
1346
1520
1660
1603
1508
906
1425
1385
1038
1027
1600
1024
1495
1469
1599
823
1720
1434
1468
1359
1663
1453
1390
1479
1109
1331
1004
1093
1608
1252
1151
619
721
1290
1403
1382
1239
711
878
1466
1482
1548
766
1071
839
1310
1289
1556
1236
1394
921
1547
1792
1500
957
1399
1242
1247
1718
986
1365
1443
1467
1533
1928
1694
927
1009
1397
1697
2071
1479
1414
1578
1486
1077
1553
1812
1284
1173
1023
1162
961
843
1018
851
1298
1198
1044
788
1268
1319
1407
1350
1531
1061
1233
1300
876
1120
1441
1534
1050
1441
1072
1489
1060
1030
1718
1952
1242
1722
1252
1355
1513
1375
1436
1209
1120
1043
1587
1308
899
848
865
1509
1073
1607
951
1323
1617
1056
1650
1393
1270
1365
1613
1388
1626
1182
1382
1510
1753
1070
1383
1543
1152
638
1073
1794
1209
865
1488
1094
1464
932
1147
887
1087
1534
1355
2614
1591
1289
854
1500
1431
1508
1460
1582
1395
1724
1172
1925
1253
1259
889
798
711
759
1062
2039
681
2213
973
828
698
1061
946
1517
1267
1335
1956
1312
2060
1003
808
1440
1383
1522
1059
952
912
1964
947
1984
1532
1467
1533
1913
1178
1616
1630
1351
187
1711
656
960
1384
1365
1384
1744
1306
1398
846
782
883
930
1235
1168
1472
1092
1273
822
1496
1200
1030
1788
1128
1555
1519
1330
1163
1691
1203
2121
1582
955
332
883
1583
1724
1206
1603
1571
1235
1547
1322
1293
1162
858
1129
1212
1497
1385
1334
1551
886
1191
1269
874
1467
1461
1552
1643
1560
489
512
1371
1456
1067
1399
1432
1236
1490
1620
1398
1751
1262
1630
839
1259
806
1197
1000
1283
841
545
1572
1513
1212
1697
1207
1337
768
1132
1128
1271
963
1298
896
1135
1303
1506
1851
1468
853
1624
915
1567
1240
1545
1662
1010
1590
1332
1315
1356
1465
1411
1482
1796
1259
1578
1168
1124
989
986
1366
1365
1309
562
840
981
1257
1427
881
730
1286
614
1088
1202
1137
990
1018
1361
1229
1666
1379
1146
1785
811
766
1676
1674
1287
928
1035
993
1299
1603
1224
1367
1272
1353
1394
1102
1060
1717
1438
1015
381
1524
1634
1487
417
1042
1539
1555
1349
1470
1663
1020
881
1225
1485
1420
1028
1266
1601
1486
1648
942
1784
781
1019
1273
1368
1255
1126
1301
1608
1383
1250
1142
1208
1195
1777
1522
1018
652
1033
1081
846
1274
1230
723
769
1323
778
750
1265
1191
979
830
1228
630
1072
1424
888
1302
824
1107
1604
1518
1291
1253
1525
980
854
1412
891
1174
1042
681
1372
1425
367
1569
1045
1142
1146
1335
1337
1472
1093
1678
1463
960
1267
909
1429
1058
2354
1377
682
1330
1278
763
1126
1204
1470
1353
1731
1422
1189
458
1047
1939
1185
1567
1575
1460
1048
1380
1716
1686
1015
1309
1850
1260
920
1050
1377
1019
1743
1338
1372
2300
1650
1983
1051
1384
1319
1269
1351
1628
1289
1021
1093
1172
1432
921
994
1916
1027
1745
1198
1601
1701
2038
1599
1411
1625
1699
1576
994
938
1172
2068
1098
1389
1575
1102
1154
1714
1183
1076
1537
893
973
806
2188
1042
353
1750
849
419
347
898
1596
1630
1399
698
1340
1694
832
915
1768
1244
2077
1434
1677
1768
946
1213
938
1040
1198
1114
947
1222
1225
829
992
1298
1511
813
913
926
1173
767
1338
1271
1431
1418
1185
1249
1570
1464
1805
1335
875
1316
1466
1120
1206
842
1002
1041
1016
1441
1765
1350
1432
949
1088
813
982
740
854
1116
1341
1375
909
1266
1198
1808
800
1427
870
1103
1378
1050
1586
1287
1239
786
1207
1079
1703
1600
1527
1521
1679
1588
1849
1251
986
1395
954
1451
1668
1365
1191
886
365
321
361
915
1905
1436
1674
1464
1379
1132
843
871
1611
1336
1194
1635
1318
1686
1438
1023
848
1367
1641
1052
1234
1667
1177
1752
1711
893
1327
1814
1195
664
1309
950
1007
1343
1426
1017
1364
1506
939
827
1149
1207
838
1545
1265
1898
1147
1312
954
1084
1379
776
1551
1263
1292
901
1981
807
1477
1153
896
1138
964
1197
1418
1098
977
1243
866
1475
1049
1760
1705
792
1058
950
1084
1463
884
753
1752
1591
1462
1460
873
1225
1108
1080
1647
1708
1576
1622
2288
752
1508
1526
1023
824
1077
1179
1002
806
1225
810
1055
1045
1081
1156
996
947
1457
1176
1092
1125
2154
1441
1768
1610
1436
1573
1045
924
1065
1395
905
1164
1710
1162
1224
1772
999
1252
1463
1098
1608
828
877
1593
1318
1154
1573
1222
1265
1796
1233
723
1668
1258
1062
871
1635
877
1075
861
938
1281
830
1575
1318
2054
1310
1467
826
1558
1037
1230
1503
1268
936
1225
1453
1556
738
1610
2114
1385
955
730
1126
878
1464
1804
1009
831
1250
1425
1422
1554
1433
801
1444
1424
998
1690
1486
1815
1342
1061
1056
826
1304
1771
989
1505
945
962
902
844
1300
1398
776
220
986
1088
1219
1512
1547
1179
1551
1249
1549
2320
1101
1860
1166
1962
1716
1118
1759
1466
1668
1227
1749
1370
981
1325
1539
1619
1672
1702
973
1526
1579
996
1472
1459
1693
1105
1723
1551
1203
1350
1243
2122
969
1291
1339
1177
1310
887
1728
1393
1392
1488
965
1081
1444
1533
1518
1422
1600
1699
1265
799
1327
1469
1192
923
701
1323
981
996
1415
1178
1318
731
832
1522
1883
1128
992
1189
895
1402
912
1277
1579
1613
1980
1642
1609
1314
1336
810
1057
1540
1231
1124
1667
1287
1465
880
1316
1052
1349
1111
1323
1097
747
1330
1427
1250
1244
938
1225
934
1183
888
802
561
1316
1300
2076
1707
1415
1174
1017
1431
1269
1309
1568
953
1369
1535
1132
1284
1085
1552
953
1757
1311
405
350
1066
1420
989
1325
1575
946
1618
1240
1657
1438
1583
1352
1088
1438
1809
904
1398
846
1345
1501
1415
1477
1709
1740
1332
1098
1771
1772
1300
1481
1322
1177
956
200
920
960
1528
1357
799
1213
915
1845
1419
941
1529
1725
1107
801
1409
850
861
1389
1213
1492
945
1605
1900
947
2015
1471
1334
1537
1168
1603
1665
923
1109
897
2298
1428
947
328
1220
1761
1280
840
1435
1234
1168
1121
883
1295
1568
2048
1519
1362
1134
1324
1479
490
1274
1829
1203
1360
1337
1496
1426
1588
1480
1543
864
1396
1928
1024
1176
1351
1507
1219
1586
1576
1797
1762
1325
942
209
1240
1022
843
1657
1181
1870
1598
1475
1748
948
855
1648
1884
1553
1533
1140
1276
1191
1379
1380
1184
806
1397
1431
1790
1528
1803
1551
1483
1442
1740
1415
1587
963
1653
1744
1131
1315
1372
1529
1759
1410
1498
1193
1248
725
1420
1068
1101
1870
819
1559
1779
1468
1656
1230
531
1002
2007
810
1476
942
1633
1430
1341
1688
1440
1530
1563
1133
1390
1139
974
1361
2027
1711
2431
1417
944
1506
899
1586
1574
1196
1686
1255
1448
1729
1562
1397
1478
761
1342
1428
1644
1142
960
676
1461
1596
1374
1207
1235
810
1419
1489
1118
1286
1705
1589
1572
1924
1022
1544
574
1360
1621
1388
624
1598
1805
1148
1690
1232
1363
1189
1535
1046
1226
1397
1574
1258
1479
988
1408
1668
1074
1023
1189
1095
1104
1213
1708
1688
1562
1676
1264
1416
1236
1441
961
851
851
1482
831
1494
1309
1486
1405
1012
1194
1047
1537
1083
1459
1101
1302
1609
1103
1428
1320
638
1545
1317
898
1558
1410
1280
1288
668
1448
713
1265
1684
1051
1731
1268
1448
1859
1272
769
981
1645
1278
1107
1042
1638
1305
1570
1320
1951
1565
1161
1693
1502
1057
963
1001
977
1327
714
980
910
1044
1773
949
2341
1574
1915
1157
1679
1117
1560
1332
1839
1257
1248
1132
1078
1371
991
1083
1131
1628
1233
1560
1825
1663
1564
579
1279
1525
939
1073
1738
1035
834
914
1536
1079
880
1576
1384
1285
1556
1461
1149
936
1402
1414
1174
1701
589
991
1046
1125
1246
1567
1410
811
929
772
1838
1191
1714
803
1109
1525
1118
1143
1386
1531
1201
1250
1480
1034
946
2078
1714
1458
1610
1510
1516
1584
1653
1104
1740
1540
1469
996
1355
1603
1409
866
1418
918
840
1439
1133
1429
1213
1280
885
1003
890
796
1697
773
1128
1459
1395
2192
967
1399
941
1600
1112
2176
971
1439
837
764
1280
1306
1540
1934
1359
1489
975
1641
1777
1068
1525
1142
746
1054
1597
1524
1660
1059
809
977
1446
1532
1121
1170
1243
1450
959
1155
1091
1612
1055
960
1605
1405
857
1069
1487
1048
1384
698
1301
788
1331
1553
1703
1211
1563
1893
1259
1554
1280
1607
907
1456
1258
1599
1281
1206
1616
1347
844
1491
937
1254
1046
1287
1285
1818
1227
1495
1438
1584
1283
1408
1898
876
1657
1402
1803
869
1335
1754
1882
1934
1013
1468
1505
1637
679
737
1187
1100
1314
1438
1523
1104
770
992
782
1212
1511
1578
1319
1576
1598
840
1855
974
1957
1982
807
1417
2247
1508
1373
1413
942
939
976
1680
1753
1282
1329
1721
894
1395
1335
1084
1055
1760
1619
1461
1591
1053
1491
1489
1436
1380
1386
781
1284
1431
1425
1095
1984
1342
1035
1682
1192
1188
779
1014
1023
1511
1752
1225
951
1727
1370
395
1595
757
1630
1507
1128
1465
1602
1385
1547
1423
1074
1710
835
1610
1521
1539
1441
1480
1664
1182
1452
1420
1218
1454
848
1539
1211
1516
958
1734
1300
1296
1628
1603
1549
1206
1718
1414
1330
1080
942
789
1349
1527
1516
1079
1620
1320
1659
1124
1529
1680
1221
1153
905
1294
961
945
1053
1039
1667
1234
1454
1363
1609
1269
1334
1511
1538
1050
1553
1307
1462
1684
1757
1458
1406
1157
1408
1003
1569
2115
2168
1047
1777
952
1685
1516
799
969
1563
1653
1314
1543
1153
1561
1433
945
1442
889
1506
1756
1462
1507
1196
1421
1358
1322
881
1554
1225
1306
1289
1034
1660
941
850
1698
1086
663
1516
1964
1036
1500
1232
939
1667
216
265
1725
749
1681
1228
1094
778
975
818
1800
2041
689
1418
1163
1149
891
1405
1659
1586
1381
1058
1287
1267
1575
1205
1349
1573
1005
1287
1214
881
1424
723
857
1439
182
208
214
1754
1689
709
1164
1430
1240
1426
1212
926
716
1610
957
1296
1525
1480
1382
1047
1554
1134
1535
1060
1381
1860
1348
575
1513
1707
1656
1405
1300
1633
1022
635
1531
1126
1645
1340
1434
1556
1508
883
1035
1687
1479
1138
1280
1377
1461
1614
936
926
940
1197
971
1032
1559
813
858
1774
949
1557
1332
1581
894
1773
1828
1270
1872
1550
1467
854
1147
1695
1377
1167
1512
1619
318
1391
1320
965
1429
1004
1080
1613
1623
1136
1257
1138
1970
982
1738
1354
1280
1611
1039
1734
1092
1334
1245
1148
1096
1660
1256
1994
1349
1904
2016
1731
1554
1215
1657
587
1280
977
1109
1308
1000
901
1079
949
1572
735
1538
960
1253
1618
953
1689
1857
1708
1788
1252
1533
1887
1720
1429
1235
1489
1496
1385
1127
1478
1385
1407
1094
1598
1458
1337
1273
1650
1301
1422
1081
1478
1423
1108
1960
1568
1575
1537
1527
1419
1834
1690
1099
1731
1810
1303
1713
1062
1058
1132
1090
695
1312
1626
1593
1498
1229
1551
1240
1764
1532
1806
1441
995
1046
1130
973
1560
1228
1636
1089
2152
1157
1474
1199
1299
1832
1887
1704
1538
1736
1558
1436
619
1974
1142
901
1454
1787
940
1901
1438
1433
1497
1617
1519
1805
1031
1444
1874
1547
1320
2008
1486
1297
1140
1558
1378
1647
858
1171
1061
2150
1490
976
1268
1510
964
1241
1737
1697
1575
1076
1694
1621
1115
848
1531
1412
1755
1712
912
1768
1598
740
2128
1144
1765
1292
1627
1188
1646
1928
1010
1138
1905
1811
939
1043
1733
1550
1770
1835
1828
1463
1363
1100
1512
1166
1986
1112
1353
751
912
1016
1751
1213
1690
1508
1050
1487
1249
979
1463
1052
773
1137
1132
1304
1437
865
893
806
386
824
1608
1037
254
1629
1611
1054
975
1040
1182
1738
1076
1669
1535
867
1609
2095
1509
1056
1570
1249
942
1317
1235
1537
1569
1234
1185
1437
1115
1540
875
927
1356
1811
1233
1118
946
1537
1436
1798
1550
695
1230
612
2056
1483
1775
900
1648
1235
1327
1638
734
1566
1382
1063
1286
1020
875
1051
1269
1307
1199
1421
1409
595
1306
600
1066
1696
992
1679
944
1275
1156
1375
1752
739
1471
569
1652
906
803
1381
1154
1533
876
1757
699
898
875
1022
1084
907
701
1873
1075
717
1311
1055
1273
1016
1206
1109
920
939
1494
2279
1083
1218
843
1416
1336
1352
1522
1455
1768
1164
900
1112
1537
2352
1146
1716
1905
1586
1687
1726
1604
1024
1557
1564
1528
999
831
1700
1790
1447
1487
1205
1640
889
1664
756
1018
1382
973
1140
927
828
1082
1627
1475
1459
1428
1390
1689
1353
1730
914
798
1659
1058
939
1558
1144
892
1822
1487
1056
1309
1494
1663
978
976
1519
1153
933
1441
2254
1771
1235
902
1973
1569
1413
1412
1264
1393
1597
915
1786
973
1212
1417
1408
1574
862
1638
280
1154
1121
2191
1226
1741
1146
1594
1347
1548
1586
1234
1698
987
1610
1617
1094
1795
1575
1723
1534
1408
1286
1135
2007
1121
1309
1702
1526
245
1358
971
1362
1306
1267
1443
873
1181
827
1921
1694
1912
2005
1747
1260
1302
1570
1697
1640
1427
986
1179
1643
1811
1669
1399
911
903
1441
1152
1551
1531
1121
1299
1375
1579
1029
1037
1523
1025
1547
1307
1051
1504
1706
1796
1565
1647
1878
1435
1204
945
1462
1681
1092
1535
1260
888
1251
1558
1317
1683
1897
1007
1060
1487
920
1837
952
1353
1380
1074
1104
1023
1092
1640
1698
1608
1487
798
1448
1583
1236
1744
963
1153
1456
803
1278
823
950
1603
1025
1729
1364
1313
958
1031
1512
1633
1570
978
1645
1491
1707
941
297
1867
1591
1562
950
878
1178
348
1168
1544
1416
1031
1595
994
1525
1598
1737
760
1587
1781
1655
1429
1194
1494
1076
938
1402
842
1085
1029
1633
1517
1349
1528
1114
1546
1610
1449
1204
1133
1657
1875
961
1021
1268
304
1421
726
1312
1522
731
1496
1012
739
1434
1785
1813
1227
1249
750
1750
991
996
991
1672
1315
1233
913
1144
1619
1544
1457
1264
1339
1620
1585
1029
1423
1589
1434
1189
943
1430
1857
785
1312
1588
778
1205
1314
853
1020
1636
1563
1023
955
1667
1340
1600
1572
1266
1666
1402
1765
1666
1724
1068
1760
1278
1398
758
1513
1150
1688
1571
1816
1079
1492
770
1650
1015
1664
1669
1501
1961
1301
1516
1747
1561
1201
1049
1413
1651
1687
1443
1452
2136
1066
1580
1702
1147
1093
1083
1747
1485
1525
1509
1414
1742
1561
761
777
1708
2021
1395
1596
1375
1968
1852
1828
950
1695
1060
1579
1093
1575
1699
1911
1320
1536
1673
1350
1564
1071
1627
1403
1042
1983
1579
348
1796
1039
1468
1109
1907
908
1373
1569
1776
1435
1660
2185
1499
1533
1702
1382
1470
1689
1704
1413
1069
1751
963
1567
1638
1488
1014
1557
1138
806
1674
1052
1224
1545
1280
1338
1981
2087
1983
1551
859
1097
966
1379
1523
1877
1742
1773
1683
1526
1489
1386
1229
1630
1621
1840
1317
1731
1685
1700
1416
1351
950
1508
1047
1703
1503
1842
1680
953
758
1062
1375
1454
1754
935
1656
1391
1548
1695
1043
906
1391
1529
1056
1357
705
1730
1760
847
1863
1099
1549
1031
1320
1820
1446
1479
1752
1392
882
2135
1013
1470
1660
1423
1015
1918
1505
1868
1832
1141
921
812
1333
891
1502
1457
1546
905
1449
1213
1801
1707
1247
1551
1257
1509
1476
1835
975
1259
1238
1017
775
1402
1200
1381
1113
1464
1188
1124
1619
1073
990
1923
952
1826
1630
1809
1264
1594
1137
1050
1283
1837
1870
1514
1107
1108
1388
1709
1408
1669
1767
1718
1160
1431
1938
977
1177
937
1560
1707
1076
1764
1576
1818
1597
1186
1762
1388
1356
1863
1442
1726
1053
1096
1598
1027
761
1090
1292
623
1770
1523
1354
903
1594
1657
1620
1342
1375
1430
1445
1600
1197
1099
1125
943
776
712
1084
1769
1284
1236
1331
1521
1341
1556
819
1572
1133
1928
1117
1467
1190
1050
1571
1659
1752
1240
1678
1298
1460
1797
1045
1724
648
1565
1622
1041
1727
1633
1484
1201
737
1489
1811
1772
1610
1616
1837
150
1052
946
1275
1664
1813
1003
355
956
964
1572
1706
1692
1144
1655
1115
2226
1439
1401
750
1023
1466
1005
1694
1185
1292
1612
1635
1127
1754
2168
1485
1613
1459
911
1028
1168
1429
1623
909
847
824
727
994
962
1426
1310
1933
946
1950
1302
868
1058
928
1083
896
949
1725
2013
1578
1113
1217
1316
1061
1591
1888
1071
1959
958
1786
1532
1054
1434
1168
1577
433
1319
1463
1809
744
1341
1360
1203
960
915
1235
1016
1231
1247
996
734
1083
1931
1687
1876
1554
1017
1378
2059
1111
1564
951
1707
942
1603
1032
1120
772
1040
1153
816
938
1574
1482
1765
1543
1532
1459
952
1675
1554
907
1362
1090
1048
1248
929
1617
2262
1475
1452
1318
881
1554
1410
1166
1162
829
1372
985
1391
1009
1591
728
1385
396
1455
1063
927
449
432
1393
509
935
904
1369
1530
1261
1071
1045
973
723
1873
1466
1794
1161
1212
1138
1666
1061
1078
939
1304
1119
1738
1506
2003
1341
1147
1058
1525
1507
236
1424
965
1242
1886
750
1485
1094
1004
1514
1573
1097
1711
1034
1635
1388
943
1343
1243
1665
1040
1626
1519
2240
2058
1711
1335
1045
1070
1102
912
1251
1402
1321
1332
1214
1181
1175
1317
1918
1422
816
1653
1587
712
917
1498
1112
376
1517
1327
1712
1308
1419
1417
1122
1366
1291
1348
1136
1110
1459
1454
1534
1695
1587
1560
1306
1595
1308
1404
1585
940
877
920
1452
1912
1516
1543
1818
1472
956
1310
512
1488
1153
1421
1768
1860
1005
1608
1604
1122
1467
990
1013
1695
1453
839
1469
1508
1267
1566
1412
1485
1938
1512
1501
952
1720
1535
1609
736
1071
1634
1108
1688
912
1021
1914
1469
1145
865
975
1333
742
1045
1708
2123
1418
1017
824
1495
1468
1373
1368
1173
1578
1588
1522
1816
276
1552
1544
893
1477
794
1174
1730
1487
1511
1639
1704
1085
1584
1815
1468
1138
1589
1871
1455
1126
834
855
864
427
890
1573
1287
870
1718
957
1664
1076
1609
1469
1527
1660
1333
1333
1613
1046
1449
673
722
989
1011
1511
1260
1221
1632
945
1355
1226
1402
1688
1356
1767
1020
1648
1687
1096
809
1526
1308
889
1394
1056
1608
1369
1443
918
1470
662
762
1080
1262
1444
1365
684
1225
1213
1065
1602
1156
911
1553
1713
1093
1544
1417
1143
1437
1210
1484
1463
1343
1893
1383
1283
1438
931
1010
1827
1686
958
1570
830
1578
935
873
1635
1449
940
997
1781
840
1127
1907
1523
1555
1682
1461
1080
812
2177
789
1493
951
1537
2128
991
1579
1469
1942
1611
1037
1023
1302
1348
1643
1486
1280
860
764
1242
1445
1081
1293
1709
1793
1048
1218
1336
1646
1107
1923
1679
1086
806
1326
1442
1494
1512
881
1656
1682
1927
609
1140
1845
1369
1573
1775
1718
1194
1599
1508
1543
1061
1673
1016
738
1001
1438
1523
1855
1865
1599
1126
1750
1154
1467
1229
1926
1449
1290
1648
1213
1364
1323
1164
866
866
1035
1316
1047
1169
1147
1722
1426
995
723
987
1487
1560
1255
1221
1799
853
1299
1312
1548
1399
2073
1522
1501
1619
1377
1467
1113
1266
1402
1473
1435
965
1080
1937
1512
832
1389
1348
876
1343
1155
1219
906
770
726
1262
878
1291
255
928
1392
1510
943
1486
1052
961
1420
1716
1275
1589
1687
1660
1597
1138
1827
1125
1177
1132
1116
1421
808
1632
969
1021
919
944
986
1090
1579
1084
876
1841
812
1368
882
1436
1235
1633
1213
1218
414
1110
1142
1365
1723
1554
1077
1308
1012
1111
1409
1409
1081
925
1394
1006
1611
1750
675
1328
1844
1133
1678
1471
1232
930
1198
1170
918
947
1166
1354
1343
1149
1816
1241
1762
1047
1471
1647
1734
1579
1707
1437
1556
1745
1530
1563
1469
1348
1480
1065
1070
1309
1407
1594
1483
1576
1447
1414
1461
1441
977
1543
918
1323
1672
1206
812
970
1872
740
1541
2163
1611
962
1194
1744
1489
1435
744
1868
1028
1385
1086
2351
1133
765
1630
1766
1310
1516
1171
1008
906
1329
1497
813
1335
953
1002
1617
1353
737
1806
992
1619
311
741
1673
1509
1347
1702
1201
975
1632
1161
896
1326
791
1642
1402
1471
1509
1687
913
941
1143
1502
1168
920
865
1037
1597
1576
1090
956
946
1493
1457
1583
1761
1043
1560
1135
911
703
1156
930
1156
953
1067
1609
772
963
1345
1308
884
1401
895
833
1117
1675
1349
757
1186
1296
1089
985
1669
879
1033
827
897
1843
1105
1628
1001
1498
723
863
1379
997
1466
909
1576
1619
1585
638
1171
1480
941
1353
1037
1484
1370
714
959
1656
621
1200
1173
882
1483
1962
1304
1225
1094
1426
1194
1295
1950
829
1122
1346
1067
1797
1076
1178
1256
1347
1782
1807
920
1245
1335
1347
1145
1650
1107
988
978
906
941
1343
898
1656
810
1009
1247
923
1129
1157
1328
1181
1485
876
1076
1623
1324
1074
1104
1459
990
1088
2274
533
1769
728
1342
1483
1086
1090
1180
1474
1291
1365
849
1110
1277
1439
713
1702
1176
1485
1388
575
1129
1446
1163
1626
1591
2032
1501
1248
1656
957
1319
1616
1625
1154
1705
936
1357
976
741
1445
892
897
1098
796
1626
1501
934
1668
1586
1594
1597
1183
1008
1604
1106
816
877
1066
1521
1022
1274
1018
1550
1420
517
367
1831
800
1490
1289
1501
1898
1300
1575
1117
1537
1418
802
1223
1120
1750
1640
1394
713
615
1541
802
1195
1028
1401
1097
750
1126
902
1923
1082
923
1473
970
934
313
1867
1882
1758
1539
1181
1027
1195
1000
1826
1533
1662
800
1036
1530
1340
1257
1579
1724
840
1498
903
946
1580
1151
1179
1828
1095
1101
1020
928
1791
1271
1566
372
799
1286
382
1550
1462
2210
1649
424
1882
1032
365
458
776
1108
2139
921
1141
1675
979
1569
1682
1661
1748
1231
1598
952
966
1311
1531
330
1644
1343
1250
902
1256
1326
1474
901
1497
874
951
896
862
1693
1490
1303
1448
950
1724
1456
1188
1425
1133
1738
1379
1396
1280
1091
1214
1330
1480
